# Phase 2C: concept ids with NO grammar-topic sentence (no row in the 2B `ge` CTE), one per line.
# 771 of 3057 concepts. No sentence exists for them and none was invented. 19 Sept 2026.
136
138
140
141
142
143
146
147
148
150
151
152
153
155
156
157
158
160
161
162
163
164
166
167
168
169
171
173
175
176
177
178
180
182
184
185
186
187
190
191
193
195
197
198
200
201
202
203
204
205
207
208
209
211
212
214
215
217
219
222
225
226
227
228
229
230
231
233
235
236
238
241
242
243
244
247
248
249
250
251
252
256
258
259
260
262
264
265
266
267
268
269
271
273
274
275
276
277
279
280
281
282
284
285
288
289
290
291
293
294
295
296
300
305
307
309
310
311
312
313
314
315
316
319
322
323
324
328
329
330
331
336
339
343
344
348
352
353
354
355
356
359
362
364
365
366
368
369
371
372
374
375
376
378
382
385
388
389
390
391
392
393
394
396
397
398
399
400
402
404
405
407
410
412
414
418
423
425
426
427
429
432
435
436
437
439
441
442
443
445
447
448
449
450
453
454
457
458
461
462
464
468
469
470
471
472
474
475
476
477
478
482
483
486
487
488
489
493
494
495
496
497
500
504
506
508
509
510
511
513
514
515
516
517
518
520
521
523
525
526
529
530
531
533
534
535
536
538
539
542
543
544
547
549
551
554
555
557
558
559
562
563
564
565
568
569
571
573
574
575
577
578
581
582
583
585
586
587
588
589
590
592
593
594
596
597
599
600
602
603
608
609
610
612
614
615
616
617
618
621
626
627
629
634
635
637
639
643
644
647
648
649
650
652
655
656
660
662
665
666
668
671
675
676
678
680
684
685
686
689
694
697
698
699
702
703
704
705
706
707
709
712
713
717
719
720
723
724
726
729
731
732
733
734
735
736
738
739
742
745
747
749
750
751
752
753
758
760
761
762
765
766
767
769
770
773
776
777
779
781
782
783
785
786
787
789
792
793
795
798
802
803
806
809
811
813
814
816
817
818
819
822
823
824
825
828
829
833
835
837
840
843
844
845
849
850
851
852
856
861
863
865
869
870
871
872
873
874
875
876
877
878
880
882
884
885
886
888
891
892
893
895
897
898
899
900
909
910
913
916
918
920
921
922
924
925
926
927
928
929
935
936
937
938
940
941
942
944
945
946
948
950
952
954
955
956
957
960
961
962
964
965
966
968
969
972
974
976
978
980
983
985
986
996
997
998
999
1010
1011
1012
1013
1030
1035
1045
1051
1053
1054
1055
1057
1059
1060
1076
1086
1089
1090
1092
1095
1098
1102
1105
1107
1109
1110
1138
1141
1142
1148
1149
1153
1154
1162
1164
1176
1182
1185
1190
1195
1198
1201
1203
1210
1217
1220
1222
1223
1230
1239
1247
1250
1252
1259
1264
1266
1267
1268
1271
1276
1281
1289
1298
1299
1301
1307
1314
1316
1323
1325
1333
1335
1355
1356
1366
1369
1374
1379
1385
1387
1392
1402
1409
1410
1415
1416
1417
1421
1423
1427
1432
1435
1442
1453
1454
1460
1465
1466
1467
1470
1472
1477
1478
1480
1496
1505
1521
1526
1527
1534
1536
1537
1538
1539
1546
1552
1553
1555
1557
1564
1565
1566
1568
1575
1578
1600
1602
1603
1604
1607
1608
1611
1613
1620
1621
1623
1633
1636
1638
1639
1642
1660
1666
1667
1673
1674
1676
1690
1691
1692
1696
1697
1702
1705
1707
1708
1709
1710
1711
1712
1713
1720
1726
1727
1732
1735
1737
1749
1760
1772
1776
1777
1784
1791
1798
1804
1823
1827
1828
1844
1846
1852
1855
1864
1865
1866
1880
1886
1894
1897
1902
1903
1904
1906
1914
1920
1926
1929
1932
1938
1941
1943
1962
1963
1964
1965
1967
1972
1974
1975
1977
1980
1982
1984
1987
1989
1990
1994
1996
1998
1999
2003
2005
2007
2015
2016
2017
2018
2023
2024
2026
2027
2028
2030
2031
2034
2035
2037
2038
2039
2040
2041
2043
2044
2045
2046
2047
2049
2050
2052
2053
2055
2056
2057
2058
2060
2073
2074
2077
2091
2092
2100
2142
2145
2148
2150
2152
2158
2161
2165
2172
2174
2175
2178
