28967
10590
7164
41159
12550
25564
32246
41338
57
16964
23980
20783
38468
35420
36198
27771
24465
20662
14387
30461
10025
31472
36743
2968
41679
10619
29142
26002
18089
38052
28660
33182
29425
418
26433
30153
40409
22917
9497
1543
1515
239
44325
16815
12046
30855
11498
17481
15990
3601
9008
27275
33180
35953
23003
14119
185
30517
11902
22804
5735
19673
30777
5611
21497
28305
18327
43664
7247
30652
23057
32480
19990
7158
8242
4527
1848
4608
26537
13178
12043
31077
39870
9054
33622
36463
12251
35350
2784
2381
26907
2174
41217
33793
9820
14404
29048
5088
17511
2250
17810
17563
4766
5128
37172
21813
35877
32630
22848
32535
19888
7263
29827
34384
37088
26858
37331
4443
12703
39076
2717
32250
35992
4593
1324
661
35010
37624
19468
17449
33183
12744
38641
3350
41404
17125
17904
13840
2445
29531
15695
16299
3570
10537
23710
37781
13374
4806
33045
15501
19710
30479
37242
27839
24718
2260
43729
20478
10279
15486
11372
7860
3188
29905
16349
36757
43005
525
34080
21257
40627
29314
43731
294
28894
13604
3089
19277
2887
6387
8578
14786
44153
34413
15374
41347
15811
34897
19811
29024
31821
15534
25707
37539
44430
37743
13596
40981
9958
35893
18642
33790
11775
40031
22428
14139
37178
35794
33629
27375
12625
14893
32013
35700
885
35106
30750
35655
38086
683
8147
21699
35722
12224
4366
43801
41755
15316
1633
22941
30317
25414
9307
42910
2483
15100
25001
16200
39249
34257
15303
8300
32856
19224
6352
15401
27716
22231
5585
31604
31593
18913
20500
21281
41958
39333
24383
34221
27650
42010
41876
25708
16140
14524
30068
16017
24323
34943
23314
2726
33465
8021
15506
11241
27267
11871
26635
18878
12336
26995
25404
31002
19036
13613
22974
28622
41418
11132
22577
9411
27738
27975
44372
10354
24947
13241
21544
35579
559
6186
25143
33594
41466
42887
29216
1218
22289
25685
2920
22923
721
2051
33100
40980
7502
8678
3307
36469
24756
30082
10622
10731
20390
18727
10155
10464
25525
21729
34765
3308
34338
36011
39526
37776
40672
40895
22787
44107
9658
22119
21255
17182
24795
2189
8938
31177
7246
31228
27312
25859
16776
35774
29282
36286
25406
23622
6438
33939
2511
10323
29537
26736
44890
18763
14785
24315
11798
7534
23554
22807
31706
11238
29311
14005
40336
20917
1546
14888
21749
2507
30422
29731
37038
9454
42684
17040
22861
8801
23929
12851
12226
25501
9989
31069
40319
7015
1165
37908
41003
41631
32084
21935
17514
7902
10438
28819
34292
29395
6874
4586
29851
16565
27016
4534
29390
10777
23954
21978
274
12574
850
28842
27379
29931
3896
21484
15682
16626
8913
27013
15572
43511
24084
23610
26871
20514
23408
40193
14039
6646
14189
13190
42490
20239
4880
3014
18537
44127
27456
8925
21460
30596
25897
13082
6785
23301
7376
23559
34282
25297
43824
24226
31259
6539
10338
38860
19052
40608
17486
25394
38279
11101
28567
34748
5158
28717
21989
39133
42720
17648
15056
21568
18560
32317
38270
28867
4412
43789
15823
31411
430
16485
30988
21496
42222
306
33777
11975
21929
1903
17702
23174
7126
14048
23841
2096
16442
20169
765
3310
17539
40773
27223
37620
11912
8641
11463
37216
26034
21404
13264
17233
2380
7293
37808
32196
1594
18807
28899
44608
36394
9585
8608
2689
16158
36642
28995
18781
24956
32990
25888
1572
10858
33025
35396
30546
27231
35667
34996
33863
10035
28385
4400
38221
44881
34809
28687
9256
15528
10457
18369
12795
33163
13090
37049
3870
23433
23524
15339
29718
23327
44874
14702
28525
2461
38081
5901
19599
31326
28016
3001
11642
19161
35069
11224
31489
7162
10992
43398
35008
37098
37299
28698
36662
5012
37629
44865
42945
14458
29057
42504
34429
42714
32981
1116
43557
19467
38537
19674
6309
35389
8471
9886
42803
26438
298
4943
33769
26956
1956
37293
34124
32162
28392
25443
43229
7677
11794
19978
26212
24978
17429
15217
41378
18639
21840
25399
37353
20990
2071
7882
44683
41735
16502
25032
24200
6533
43819
36950
32718
17492
266
33324
13170
41627
33498
6770
23189
44635
19199
33914
6652
1453
28580
25311
38331
20122
4784
31908
18674
3507
7428
24320
38335
44566
4191
24487
26152
19956
32426
40641
25460
11865
39136
41405
26102
43157
16325
25392
18808
15910
24119
3842
24763
24427
2570
9442
28228
3668
17597
3988
26120
10119
21790
11280
37111
14667
27427
29245
38040
8670
37124
32080
34148
11748
19791
44165
15590
20556
8648
5097
14507
27970
40977
37672
20739
10561
34247
15207
9544
9555
28044
5612
42116
41569
42541
32891
24214
24765
28342
18312
42765
33686
5210
35576
16532
33086
13605
19841
27240
11656
989
34599
33669
8936
1751
42340
35437
19939
21148
12829
9267
33432
39242
20313
25155
32367
42594
34806
12927
21621
39673
41888
12228
12734
133
29514
42580
17460
35917
32565
32938
30051
42557
22408
14262
37477
15198
31621
27086
4470
37422
3725
25309
7555
30341
36703
43106
43946
24179
8946
32524
13619
39500
24006
12774
36708
3277
2345
40353
34471
4273
29007
31980
24609
33681
645
10849
28322
7941
17127
24189
37117
11211
43464
40883
39165
16543
44867
15387
27003
37268
39308
9183
19930
32774
5779
31892
39117
24877
42111
22337
21531
12954
41013
1652
21283
12539
36647
21116
1251
27257
16852
36074
3774
37975
38866
26413
11725
21012
43372
38225
32911
21125
23053
39591
20308
44403
37752
18965
1855
41941
19397
18565
26156
26239
24676
12482
31971
36759
5767
33064
2671
43836
25504
36002
19208
19296
13743
28397
13611
36453
13249
31016
11341
3517
20719
8535
32708
18896
36466
30831
8561
2761
18823
38967
19694
27122
41594
15740
39458
21545
31395
17430
35909
32309
29346
17842
15843
13508
26684
292
8621
20295
44046
5926
21413
32558
38345
26769
35902
42381
41245
12528
2638
38812
34954
13710
12313
5797
39906
32872
6224
4435
36369
40630
24063
26137
17654
30843
26739
22547
21425
14187
14170
37541
20949
4072
42136
26993
16740
11573
42948
39176
8684
39149
34526
41635
16357
7359
595
44365
19800
7951
11755
26174
8722
26716
2722
11832
27061
3267
25514
6686
38265
26702
25743
25559
14271
3139
10738
9540
12433
8417
9660
3610
20110
41176
20181
14245
