1
3
4
12
20
21
23
30
32
33
34
36
37
38
40
45
47
51
52
54
56
61
62
67
68
71
72
74
79
82
87
89
90
92
99
100
101
121
123
130
131
133
136
137
138
141
145
146
147
148
151
152
156
157
169
172
174
181
183
195
201
204
205
209
213
219
225
229
233
235
237
240
244
251
252
254
259
262
263
269
272
273
274
275
278
280
281
284
285
294
295
298
305
306
309
310
312
314
315
319
323
333
336
339
341
347
350
351
354
359
360
363
364
365
367
368
369
374
376
379
381
385
386
387
388
389
390
392
396
399
400
402
404
412
414
415
416
422
423
426
427
430
436
439
443
444
446
447
449
456
458
466
468
469
470
477
481
487
496
499
500
501
503
507
508
514
517
518
520
521
523
525
527
530
537
541
542
543
545
546
547
550
551
555
556
560
563
564
567
568
573
574
577
579
581
584
588
589
590
592
594
596
597
598
600
601
602
608
610
612
613
615
619
620
622
627
637
640
645
649
657
665
667
671
672
678
680
681
687
689
692
693
694
696
700
701
705
706
708
714
719
721
727
729
731
735
738
742
749
750
754
756
757
758
759
760
761
763
766
770
771
775
780
782
783
789
791
792
797
798
802
807
809
811
813
814
816
817
818
819
823
827
828
830
831
842
844
845
850
855
861
868
870
871
872
875
877
879
885
886
888
891
892
893
894
4001
4002
4003
4004
4005
4006
4007
4008
4009
4011
4015
4016
4018
4020
4022
4024
4025
4028
4029
4030
4032
4034
4035
4039
4044
4046
4047
4049
4054
4055
4056
4059
4061
4062
4065
4067
4068
4072
4075
4078
4079
4082
4088
4090
4092
4093
4097
4098
4099
4100
4101
4102
4103
4106
4107
4109
4110
4111
4112
4115
4118
4119
4120
4121
4125
4127
4128
4133
4135
4137
4143
4144
4145
4146
4152
4153
4154
4156
4157
4159
4160
4161
4162
4167
4168
4169
4177
4179
4180
4181
4183
4184
4185
4186
4187
4188
4190
4192
4194
4195
4198
4199
4200
4201
4202
4203
4205
4209
4210
4217
4218
4219
4221
4222
4224
4225
4229
4231
4232
4242
4246
4248
4249
4250
4252
4253
4256
4258
4259
4260
4261
4262
4263
4264
4265
4266
4268
4270
4271
4274
4275
4281
4295
4298
4301
4303
4310
4317
4318
4333
4335
4340
4341
4345
4349
4356
4363
4389
4396
4403
4404
4405
4411
4414
4418
4427
4435
4441
4452
4457
4458
4459
4460
4468
4479
4485
4488
4498
4503
4508
4510
4511
4512
4513
4515
4525
4545
4547
4551
4553
4556
4559
4561
4568
4572
4575
4583
4584
4593
4595
4596
4612
4618
4619
4621
4628
4637
4638
4647
4650
4660
4661
4664
4667
4669
4674
4684
4688
4689
4701
4702
4704
4710
4711
4715
4718
4720
4721
4723
4728
4729
4734
4736
4739
4742
4744
4746
4747
4748
4751
4753
4755
4764
4769
4772
4773
4775
4780
4781
4786
4803
4811
4815
4816
4818
4826
4829
4830
4832
4833
4834
4835
4836
4854
4856
4858
4863
4871
4873
4877
4885
4887
4888
4890
4894
4895
4896
4897
4902
4903
4946
4950
4960
4961
4964
4969
4972
4979
4982
4989
4993
5005
5015
5026
5035
5036
5047
5051
5059
5061
5069
5073
5075
5082
5084
5086
5094
5098
5100
5101
5102
5113
5115
5118
5119
5120
5124
5130
5135
5150
5153
5174
5175
5178
5179
5182
5185
5187
5188
5189
5192
5193
5194
5195
5201
5203
5207
5210
5211
5227
5234
5242
5243
5256
5258
5259
5260
5265
5268
5271
5272
5273
5278
5288
5291
5298
5301
5302
5303
5320
5321
5323
5325
5326
5327
5329
5335
5336
5345
5347
5351
5352
5353
5355
5356
5358
5359
5364
5369
5372
5374
5388
5389
5392
5393
5406
5425
5433
5435
5452
5462
5467
5468
5480
5483
5484
5485
5490
5506
5508
5509
5510
5511
5512
5514
5515
5516
5517
5518
5519
5520
5521
5522
5523
5524
5525
5527
5528
5529
5530
5532
5533
5534
5535
5536
5537
5538
5539
5540
5541
5542
5543
5544
5545
5546
5547
5548
5549
5550
5551
5552
5553
5554
5555
5556
5557
5558
5559
5560
5561
5562
5563
5564
5565
5566
5567
5569
5570
5571
5572
5573
5574
5575
5576
5578
5580
5581
5582
5584
5585
5587
5588
5589
5592
5593
5594
5595
5596
5597
5598
5599
5600
5602
5603
5605
5606
5607
5608
5609
5610
5613
5614
5615
5616
5617
5618
5619
5620
5621
5622
5623
5624
5625
5626
5627
5628
5630
5631
5632
5633
5634
5635
5636
5637
5638
5640
5643
5644
5645
5646
5647
5648
5649
5650
5651
5652
5653
5654
5655
5657
5659
5660
5662
5663
5664
5665
5667
5668
5669
5670
5671
5672
5674
5675
5677
5678
5679
5680
5681
5682
5683
5685
5686
5687
5689
5695
5696
5697
5698
5699
5700
5701
5702
5703
5704
5705
5706
5707
5708
5711
5712
5714
5715
5716
5717
5718
5719
6814
6815
6817
6818
6819
6820
6823
6824
6825
6826
6828
6829
6830
6831
6832
6833
6834
6835
6837
6838
6839
6840
6842
6843
6845
6846
6847
6848
6849
6850
6851
6852
6853
6854
6855
6856
6858
6859
6860
6861
6862
6863
6864
6865
6866
6868
6870
6871
6872
6873
6874
6875
6876
6879
6882
6884
6885
6886
6888
6889
6890
6891
6892
6893
6896
6897
6898
6899
6900
6901
6902
6903
6904
6906
6907
6908
6909
6910
6911
6912
6913
6914
6915
6916
6917
6918
6919
6920
6922
6923
6924
6925
6926
6927
6928
6930
6931
6933
6935
6937
6938
6939
6940
6941
6942
6943
6944
6945
6946
6947
6950
6951
6953
6954
6957
6958
6959
6960
6961
6962
6963
6964
6965
6967
6968
6969
6971
6972
6973
6977
6978
6979
6980
6981
6982
6983
6984
6985
6986
6987
6988
6989
6993
6994
6996
6997
6998
6999
7000
7001
7002
7003
7004
7005
7006
7007
7008
7009
7010
7012
7013
7015
7016
7019
7020
7022
7023
7024
7025
7026
7027
7029
7030
7031
7033
7034
7036
7037
7039
7040
7041
7042
7043
7044
7045
7046
7047
7048
7049
7050
7051
7052
7053
7054
7055
7056
7057
7058
7059
7060
7061
7062
7063
7064
7065
7066
7068
7069
7070
7071
7072
7073
7074
7075
7076
7077
7079
7080
7081
7082
7083
7085
7086
7087
7088
7089
7090
7091
7092
7093
7095
7096
7097
7099
7100
7101
7102
7103
7104
7105
7106
7110
7111
7112
7113
7114
7116
7118
7119
7120
7121
7122
7124
7129
7131
7132
7134
7135
7136
7137
7138
7139
7140
7142
7143
7145
7146
7147
7148
7149
7150
7155
7156
7158
7159
7160
7161
7162
7163
7164
7167
7168
7169
7170
7172
7173
7176
7177
7180
7183
7184
7185
7186
7187
7188
7191
7192
7194
7195
7196
7198
7199
7202
7203
7205
7207
7210
7212
7213
7215
7216
7217
7218
7219
7220
7221
7222
7223
7224
7225
7226
7228
7229
7230
7231
7232
7234
7235
7236
7237
7239
7240
7241
7242
7243
7244
7245
7246
7247
7249
7250
7251
7252
7255
7256
7257
7258
7259
7261
7264
7266
7267
7268
7269
7270
7273
7276
7277
7278
7280
7281
7282
7283
7284
7285
7286
7287
7288
7290
7291
7293
7294
7295
7296
7297
7298
7300
7301
7302
7304
7308
7310
7311
7312
7313
7315
7316
7319
7321
7324
7325
7327
7329
7332
7334
7336
7337
7338
7339
7340
7342
7345
7347
7348
7349
7352
7359
7362
7363
7365
7367
7370
7372
7373
7376
7377
7379
7381
7382
7383
7386
7387
7389
7392
7393
7394
7395
7396
7398
7401
7402
7403
7406
7408
7409
7410
7411
7412
7415
7416
7419
7420
7421
7422
7425
7427
7428
7429
7434
7439
7440
7442
7444
7449
7450
7453
7454
7472
7473
7476
7478
7480
7481
7482
7492
7502
7529
7563
7738
7739
7740
7741
7742
7743
7744
7746
7747
7748
7749
7750
7752
7753
7754
7755
7757
7758
7759
7760
7761
7762
7763
7764
7765
7767
7768
7770
7771
7772
7773
7774
7775
7776
7777
7779
7780
7781
7782
7783
7784
7785
7786
7787
7788
7789
7792
7795
7796
7797
7798
7799
7800
7801
7802
7803
7804
7805
7806
7807
7808
7809
7811
7812
7813
7815
7816
7817
7818
7819
7821
7824
7826
7827
7828
7829
7831
7832
7833
7834
7835
7836
7837
7839
7840
7841
7842
7843
7845
7846
7849
7850
7851
7853
7854
7855
7856
7857
7858
7859
7860
7863
7865
7867
7870
7871
7872
7873
7874
7875
7876
7877
7878
7882
7887
7888
7889
7891
7893
7898
7900
7901
7902
7903
7904
7905
7906
7908
7910
7911
7914
7917
7919
7920
7921
7922
7923
7924
7926
7927
7928
7929
7930
7931
7932
7935
7936
7937
7938
7939
7941
7942
7944
7945
7946
7947
7949
7950
7951
7954
7956
7957
7958
7960
7961
7962
7963
7964
7965
7967
7968
7969
7970
7971
7972
7974
7975
7977
7978
7979
7980
7981
7982
7983
7984
7985
7986
7987
7988
7989
7993
7994
7995
7996
7997
7998
7999
8001
8002
8003
8005
8007
8008
8010
8011
8012
8013
8014
8015
8016
8017
8019
8020
8023
8024
8025
8027
8028
8029
8032
8033
8035
8036
8037
8038
8039
8042
8043
8044
8045
8046
8048
8049
8052
8055
8056
8057
8058
8059
8060
8061
8062
8063
8064
